 Lax Scheme Results at time=   18.000000000000000     
 n=           1
 CFL=   1.0000000000000000     
             x                    u_cfd                    u_analytical
   0.0000000000000000      -0.30901434216267754      -0.30901916436501731     
   1.0000000000000000      -0.45398790204478012      -0.45399241977232890     
   2.0000000000000000      -0.58778279108376497      -0.58778689309525656     
   3.0000000000000000      -0.70710454037787973      -0.70710812566833980     
   4.0000000000000000      -0.80901505718549793      -0.80901803747331880     
   5.0000000000000000      -0.89100497040286730      -0.89100727230359023     
   6.0000000000000000      -0.95105541950928996      -0.95105698634257041     
   7.0000000000000000      -0.98768776553328941      -0.98768855871855432     
   8.0000000000000000      -0.99999999999276956      -0.99999999999919664     
   9.0000000000000000      -0.98768895530166478      -0.98768816212909583     
   10.000000000000000      -0.95105776975004175      -0.95105620292898652     
   11.000000000000000      -0.89100842324536145      -0.89100612135609214     
   12.000000000000000      -0.80901952760942986      -0.80901654733200834     
   13.000000000000000      -0.70710991830675285      -0.70710633302538206     
   14.000000000000000      -0.58778894409533566      -0.58778484209139947     
   15.000000000000000      -0.45399467863172699      -0.45399016091001348     
   16.000000000000000      -0.30902157546320758      -0.30901675326484035     
   17.000000000000000      -0.15643934777844987      -0.15643433984176472     
   18.000000000000000        0.0000000000000000        0.0000000000000000     
   19.000000000000000       0.15643433984176480       0.15643433984176472     
   20.000000000000000       0.30901675326484035       0.30901675326484035     
   21.000000000000000       0.45399016091001343       0.45399016091001348     
   22.000000000000000       0.58778484209139936       0.58778484209139947     
   23.000000000000000       0.70710633302538195       0.70710633302538206     
   24.000000000000000       0.80901654733200834       0.80901654733200834     
   25.000000000000000       0.89100612135609225       0.89100612135609214     
   26.000000000000000       0.95105620292898640       0.95105620292898652     
   27.000000000000000       0.98768816212909583       0.98768816212909583     
   28.000000000000000       0.99999999999919664       0.99999999999919664     
   29.000000000000000       0.98768855871855421       0.98768855871855432     
   30.000000000000000       0.95105698634257041       0.95105698634257041     
   31.000000000000000       0.89100727230359023       0.89100727230359023     
   32.000000000000000       0.80901803747331891       0.80901803747331880     
   33.000000000000000       0.70710812566833980       0.70710812566833980     
   34.000000000000000       0.58778689309525656       0.58778689309525656     
   35.000000000000000       0.45399241977232896       0.45399241977232890     
   36.000000000000000       0.30901916436501731       0.30901916436501731     
   37.000000000000000       0.15643684381060996       0.15643684381060996     
   38.000000000000000        2.5351815901020203E-006   2.5351815901107430E-006
   39.000000000000000      -0.15643183587191367      -0.15643183587191373     
   40.000000000000000      -0.30901434216267754      -0.30901434216267754     
